268
357.6679 346.8470
368.4474 339.4921
378.9999 332.2920
389.3326 325.2419
399.4522 318.3372
409.3653 311.5734
211.8791 279.1739
219.6502 286.9701
227.6182 294.9635
235.7904 303.1620
244.1749 311.5734
252.7801 320.2062
261.6147 329.0691
270.6881 338.1716
280.0101 347.5235
289.5910 357.1352
299.4418 367.0176
311.8721 358.7632
324.0173 350.6980
335.8872 342.8158
347.4908 335.1103
358.8372 327.5756
369.9348 320.2062
380.7916 312.9966
391.4155 305.9417
401.8138 299.0367
411.9937 292.2767
208.6721 258.7526
324.1506 330.2300
336.4080 322.3290
348.3817 314.6109
360.0814 307.0694
371.5164 299.6985
382.6956 292.4925
393.6275 285.4459
404.3201 278.5536
414.7813 271.8104
205.2690 237.0829
213.4339 244.8032
221.8184 252.7313
230.4316 260.8756
239.2830 269.2450
248.3825 277.8492
257.7408 286.6980
267.3690 295.8020
277.2790 305.1725
287.4834 314.8214
297.9955 324.7611
311.3074 316.4575
324.2930 308.3573
336.9643 300.4532
349.3323 292.7383
361.4080 285.2057
373.2016 277.8492
384.7227 270.6625
395.9809 263.6399
406.9849 256.7759
417.7433 250.0650
201.6514 214.0466
210.0277 221.6981
218.6366 229.5622
227.4881 237.6478
236.5924 245.9645
245.9607 254.5221
255.6044 263.3315
265.5361 272.4039
275.7687 281.7512
286.3162 291.3860
197.7982 189.5102
206.3965 197.0672
215.2417 204.8411
224.3445 212.8415
233.7163 221.0783
243.3693 229.5622
253.3163 238.3045
263.5709 247.3172
274.1477 256.6130
285.0620 266.2055
296.3303 276.1091
310.6584 267.8341
324.6094 259.7769
338.1980 251.9289
351.4382 244.2822
364.3433 236.8290
376.9257 229.5622
389.1974 222.4748
401.1698 215.5603
412.8537 208.8124
424.2595 202.2251
193.6856 163.3224
202.5174 170.7542
211.6114 178.4067
220.9797 186.2900
230.6347 194.4146
240.5899 202.7917
250.8595 211.4334
261.4586 220.3524
272.4033 229.5622
283.7108 239.0773
295.3994 248.9132
310.2961 240.6939
324.7857 232.6993
338.8847 224.9201
352.6088 217.3478
365.9727 209.9742
378.9903 202.7917
391.6751 195.7929
404.0395 188.9708
416.0955 182.3189
427.8546 175.8307
189.2866 135.3105
198.3639 142.5806
207.7206 150.0744
217.3696 157.8024
227.3249 165.7757
237.6014 174.0062
248.2148 182.5066
407.1194 160.4324
419.5718 153.9085
431.7066 147.5510
201.7697 114.7465
211.0832 121.7404
220.6848 128.9505
230.5879 136.3872
240.8072 144.0612
251.3578 151.9840
262.2563 160.1681
273.5201 168.6265
327.3802 171.5093
244.0288  98.1467
253.6206 104.6405
263.4981 111.3277
273.6741 118.2170
284.1625 125.3178
294.9777 132.6399
306.1354 140.1938
317.6521 147.9907
329.5453 156.0426
341.8338 164.3622
257.4443  92.8769
267.1148  99.2159
277.0696 105.7414
287.3217 112.4616
297.8844 119.3855
308.7721 126.5225
320.0000 133.8825
331.5844 141.4761
343.5425 149.3147
355.8926 157.4103
270.5442  87.7311
280.2868  93.9208
290.3126 100.2903
300.6339 106.8477
322.2172 120.5600
333.5082 127.7334
345.1529 135.1316
357.1684 142.7652
369.5724 150.6458
283.3395  82.7049
293.1483  88.7505
303.2387  94.9697
313.6230 101.3699
324.3142 107.9594
335.3261 114.7465
346.6735 121.7404
358.3718 128.9505
408.4855 131.4037
320.0000  68.3042
329.9747  73.9464
340.2259  79.7450
350.7651  85.7065
361.6047  91.8379
372.7578  98.1467
384.2381 104.6405
396.0603 111.3277
408.2398 118.2170
420.7931 125.3178
